2.3083503246307373
1.7102835178375244
1.4110794067382812
0.8003134727478027
0.7721623778343201
0.5795553922653198
0.3340855538845062
0.4332432746887207
0.5981497764587402
0.34809696674346924
0.3593250513076782
0.34041982889175415
0.3291432857513428
0.19081512093544006
0.2876102328300476
0.3881247937679291
0.6688647866249084
0.23881159722805023
0.6160315275192261
0.26134586334228516
0.20587898790836334
0.2657944858074188
0.2445676475763321
0.5949761867523193
0.22073662281036377
0.488643079996109
0.3919725716114044
0.09155406057834625
0.23221834003925323
0.44252458214759827
0.3195800483226776
0.08980702608823776
0.16783490777015686
0.19101835787296295
0.04603002220392227
0.15225595235824585
0.23190797865390778
0.14550311863422394
0.10092110186815262
0.15948623418807983
0.123440220952034
0.124992236495018
0.3692197799682617
0.26912057399749756
0.2830263376235962
0.21600493788719177
0.10910899937152863
0.14774033427238464
0.15607231855392456
0.1717650294303894
0.208536759018898
0.25001341104507446
0.39794784784317017
0.047150619328022
0.24968992173671722
0.49050217866897583
0.2662375569343567
0.09126117825508118
0.1626202017068863
0.17845647037029266
0.06799591332674026
0.04539056494832039
0.10169045627117157
0.208208829164505
0.22418524324893951
0.12587705254554749
0.031022334471344948
0.13480032980442047
0.12695185840129852
0.14897631108760834
0.2205123007297516
0.4102728068828583
0.18698853254318237
0.21196910738945007
0.24961821734905243
0.18583287298679352
0.12623806297779083
0.04411377012729645
0.09148956090211868
0.09638558328151703
0.16824942827224731
0.1326042264699936
0.04140991345047951
0.2585263252258301
0.1188688650727272
0.06378326565027237
0.06109617277979851
0.11002466827630997
0.0792580172419548
0.054810214787721634
0.19674618542194366
0.1506979763507843
0.0837072879076004
0.0092652328312397
0.16628581285476685
0.07603725045919418
0.11685976386070251
2.3083503246307373
1.7102835178375244
1.4110794067382812
0.8003134727478027
0.7721623778343201
0.5795553922653198
0.3340855538845062
0.4332432746887207
0.5981497764587402
0.34809696674346924
0.3593250513076782
0.34041982889175415
0.3291432857513428
0.19081512093544006
0.2876102328300476
0.3881247937679291
0.6688647866249084
0.23881159722805023
0.6160315275192261
0.26134586334228516
0.20587898790836334
0.2657944858074188
0.2445676475763321
0.5949761867523193
0.22073662281036377
0.488643079996109
0.3919725716114044
0.09155406057834625
0.23221834003925323
0.44252458214759827
0.3195800483226776
0.08980702608823776
0.16783490777015686
0.19101835787296295
0.04603002220392227
0.15225595235824585
0.23190797865390778
0.14550311863422394
0.10092110186815262
0.15948623418807983
0.123440220952034
0.124992236495018
0.3692197799682617
0.26912057399749756
0.2830263376235962
0.21600493788719177
0.10910899937152863
0.14774033427238464
0.15607231855392456
0.1717650294303894
0.208536759018898
0.25001341104507446
0.39794784784317017
0.047150619328022
0.24968992173671722
0.49050217866897583
0.2662375569343567
0.09126117825508118
0.1626202017068863
0.17845647037029266
0.06799591332674026
0.04539056494832039
0.10169045627117157
0.208208829164505
0.22418524324893951
0.12587705254554749
0.031022334471344948
0.13480032980442047
0.12695185840129852
0.14897631108760834
0.2205123007297516
0.4102728068828583
0.18698853254318237
0.21196910738945007
0.24961821734905243
0.18583287298679352
0.12623806297779083
0.04411377012729645
0.09148956090211868
0.09638558328151703
0.16824942827224731
0.1326042264699936
0.04140991345047951
0.2585263252258301
0.1188688650727272
0.06378326565027237
0.06109617277979851
0.11002466827630997
0.0792580172419548
0.054810214787721634
0.19674618542194366
0.1506979763507843
0.0837072879076004
0.0092652328312397
0.16628581285476685
0.07603725045919418
0.11685976386070251
0.2190927416086197
0.22949808835983276
0.04273296147584915
0.017294934019446373
0.1117342934012413
0.16772069036960602
0.1623924970626831
0.17033976316452026
0.126142218708992
0.1549248993396759
0.12226083129644394
0.1079302430152893
0.1121649444103241
0.15741579234600067
0.0806414783000946
0.20268109440803528
0.24565304815769196
0.07512448728084564
0.06553921848535538
0.07070353627204895
0.24738936126232147
0.12539537250995636
0.17193308472633362
0.13700398802757263
0.0819416344165802
0.14049078524112701
0.1330549120903015
0.2553917169570923
0.08233296871185303
0.034822121262550354
0.07156796008348465
0.029419677332043648
0.04521068558096886
0.2093111276626587
0.3745209276676178
0.0738130435347557
0.007764656562358141
0.08415741473436356
0.05835456773638725
0.16038823127746582
0.18820659816265106
0.11454139649868011
0.2128996104001999
0.05542880296707153
0.16733217239379883
0.09315424412488937
0.14465470612049103
0.23710612952709198
0.10222374647855759
0.19870595633983612
0.022845637053251266
0.07421807944774628
0.19915488362312317
0.2767122685909271
0.12189693748950958
0.1972399801015854
0.10064508765935898
0.1336524784564972
0.017626438289880753
0.07327798753976822
0.1744980812072754
0.10152247548103333
0.05515675991773605
0.08269596844911575
0.12240111082792282
0.08769360184669495
0.07281605899333954
0.15439216792583466
0.3466933071613312
0.23446950316429138
0.16446314752101898
0.15321314334869385
0.2132541835308075
0.0364341139793396
0.06289054453372955
0.10096301138401031
0.13539806008338928
0.2735072672367096
0.03230626881122589
0.02566148154437542
0.0491948276758194
0.11989710479974747
0.0434601865708828
0.030607879161834717
0.15598395466804504
0.06311072409152985
0.10967575013637543
0.1590276062488556
0.04357411712408066
0.03567799925804138
0.04514754191040993
0.0682305321097374
0.054352447390556335
0.056352898478507996
0.19760005176067352
0.06522531807422638
0.05123850703239441
0.012288067489862442
0.06987112760543823
0.21280688047409058
0.060857560485601425
0.10434861481189728
0.14585262537002563
0.04694603756070137
0.04985317215323448
0.12923792004585266
0.09945590049028397
0.22708766162395477
0.023635055869817734
0.2994903326034546
0.14658144116401672
0.06876547634601593
0.04993352293968201
0.017942208796739578
0.33924680948257446
0.039059460163116455
0.1950569599866867
0.11482618004083633
0.08434143662452698
0.06053674593567848
0.2514888644218445
0.1408815085887909
0.18165327608585358
0.019279710948467255
0.15824544429779053
0.05129188299179077
0.08844416588544846
0.11431445181369781
0.2755188047885895
0.04394393786787987
0.029966868460178375
0.014551716856658459
0.04733070731163025
0.18912699818611145
0.1534389853477478
0.06686075776815414
0.11714152991771698
0.014966633170843124
0.04779607802629471
0.06010172888636589
0.07254841178655624
0.23328213393688202
0.08802836388349533
0.08889971673488617
0.02457846701145172
0.0546475388109684
0.10684625804424286
0.19720885157585144
0.03577214851975441
0.09399934858083725
0.10276792198419571
0.17275618016719818
0.026251014322042465
0.029713904485106468
0.14243611693382263
0.07628550380468369
0.055903270840644836
0.029041334986686707
0.12424127757549286
0.1128363087773323
0.10601402074098587
0.1726839244365692
0.22315172851085663
0.1159084290266037
0.10632460564374924
0.09329777210950851
0.03639085963368416
0.13122282922267914
0.09643625468015671
0.025453956797719002
0.03284744173288345
0.3057059645652771
0.028083760291337967
0.028209762647747993
0.050977181643247604
0.06168822571635246
0.10608862340450287
0.08139891922473907
0.20326028764247894
0.06544831395149231
0.05480145290493965
0.1866409331560135
0.11283966153860092
0.09380067139863968
0.016161493957042694
0.06056733801960945
0.029797324910759926
0.08520238101482391
0.18497951328754425
0.062467917799949646
0.04108215495944023
0.01489993091672659
0.11838763952255249
0.16779354214668274
0.10551559925079346
0.16934381425380707
0.1229218989610672
0.028433939442038536
0.043635524809360504
0.19966909289360046
0.1623961329460144
0.16751496493816376
0.037017907947301865
0.17957542836666107
0.15481221675872803
0.07065838575363159
0.041182976216077805
0.12404865026473999
0.11328218132257462
0.04204520583152771
0.09427636116743088
0.1514817178249359
0.060120370239019394
0.05981405824422836
0.0690537616610527
0.11980219185352325
0.15731103718280792
0.016003040596842766
0.185944601893425
0.03532356768846512
0.0451008602976799
0.21730199456214905
0.1171048954129219
0.041390419006347656
0.02555822767317295
0.0221109502017498
0.036459073424339294
0.12514032423496246
0.1513582319021225
0.15540853142738342
0.01280276756733656
0.023549295961856842
0.11384091526269913
0.030538106337189674
0.08256525546312332
0.11830370873212814
0.08922260254621506
0.08753211051225662
0.008256154134869576
0.03012453392148018
0.19223135709762573
0.12644033133983612
0.046462465077638626
0.09522964060306549
0.22500663995742798
0.06826262921094894
0.04811367392539978
0.0891992449760437
0.06737179309129715
0.009431781247258186
0.10129032284021378
0.07881920784711838
0.1102762222290039
0.18906161189079285
0.02000753954052925
0.04225582629442215
0.18015152215957642
0.13525427877902985
0.12753359973430634
0.1076354831457138
0.09052373468875885
0.040922895073890686
0.014560399577021599
0.08546561002731323
0.11424706876277924
0.1871853917837143
0.023850563913583755
0.003932090941816568
0.1583339124917984
0.12096026539802551
0.041151318699121475
0.03689723461866379
0.14392788708209991
0.06818519532680511
0.031036900356411934
0.07575786113739014
0.022261036559939384
0.07913295924663544
0.01196248922497034
0.08287831395864487
0.03305816650390625
0.08849477767944336
0.09989555180072784
0.14560671150684357
0.14164309203624725
0.03343420848250389
0.20894935727119446
0.11207005381584167
0.035635460168123245
0.1875898838043213
0.09703277796506882
0.10268307477235794
0.039593975991010666
0.1947932094335556
0.09041634947061539
0.19320517778396606
0.01243909914046526
0.1473584771156311
0.09673859924077988
0.08773405104875565
0.10657597333192825
0.07031220197677612
0.14900632202625275
0.056044843047857285
0.08024903386831284
0.10650195181369781
0.13363604247570038
0.09280026704072952
0.09133944660425186
0.15325401723384857
0.09461697936058044
0.00963070522993803
0.07775010168552399
0.052872586995363235
0.046647489070892334
0.12365658581256866
0.18797168135643005
0.02322240360081196
0.061799947172403336
0.029469041153788567
0.05841149017214775
0.2550502419471741
0.18186403810977936
0.12285347282886505
0.04344058409333229
0.1601894199848175
0.04347923770546913
0.0794728696346283
0.028202839195728302
0.18366800248622894
0.07709953933954239
0.11292126774787903
0.027421699836850166
0.034727852791547775
0.25026828050613403
0.12704741954803467
0.010263115167617798
0.11288232356309891
0.08336317539215088
0.07454746216535568
0.022562680765986443
0.0835077241063118
0.05812176316976547
0.10978594422340393
0.12022151798009872
0.026406148448586464
0.02931976318359375
0.1476631462574005
0.05463000386953354
0.06593839824199677
0.12185138463973999
0.058329395949840546
0.23379965126514435
0.09597986191511154
0.07637051492929459
0.02783956564962864
0.008327820338308811
0.08397924154996872
0.05636804178357124
0.20730721950531006
0.017391106113791466
0.04238360747694969
0.2161916047334671
0.11157037317752838
0.05007834732532501
0.02976878732442856
0.11594878137111664
0.03123854659497738
0.035786282271146774
0.11981422454118729
0.00929733831435442
0.013554888777434826
0.01641739159822464
0.07775052636861801
0.030903281643986702
0.053622543811798096
0.14943212270736694
0.08164738118648529
0.12214677035808563
0.04608087241649628
0.04708971083164215
0.16670916974544525
0.07622294872999191
0.17866253852844238
0.07027420401573181
0.07240471988916397
0.03340951353311539
0.16823932528495789
0.10972287505865097
0.1576641947031021
0.045437008142471313
0.14234218001365662
0.055153097957372665
0.0419200137257576
0.07792627811431885
0.12433106452226639
0.18993131816387177
0.057391054928302765
0.0976782888174057
0.10462287813425064
0.00913225021213293
0.09888871014118195
0.053540922701358795
0.13101717829704285
0.11314757913351059
0.01567443087697029
0.050545111298561096
0.09528852999210358
0.058521922677755356
0.14918692409992218
0.08678676933050156
0.017385851591825485
0.057649027556180954
0.015132864005863667
0.041947945952415466
0.19176197052001953
0.12250180542469025
0.03800179809331894
0.038817454129457474
0.09434321522712708
0.0649983361363411
0.07409162819385529
0.06331168860197067
0.08019358664751053
0.059796519577503204
0.07500121742486954
0.00655471021309495
0.038757629692554474
0.2593420445919037
0.18567290902137756
0.013926480896770954
0.05328350141644478
0.1569875180721283
0.07799887657165527
0.037649814039468765
0.030606025829911232
0.05717403069138527
0.16129107773303986
0.06735405325889587
0.04296236112713814
0.04678059369325638
0.16118672490119934
0.058139387518167496
0.04834727197885513
0.12216030061244965
0.07427051663398743
0.11110839247703552
0.06860620528459549
0.08261656761169434
0.07349652051925659
0.0881616547703743
0.034280892461538315
0.03131229430437088
0.10079743713140488
0.022360099479556084
0.04606487601995468
0.12319234013557434
0.09845137596130371
0.01829751767218113
0.036269474774599075
0.06701993942260742
0.03957429155707359
0.036129578948020935
0.1691502183675766
0.020483799278736115
0.02689524181187153
0.02153943106532097
0.08652805536985397
0.015479285269975662
0.05774449557065964
0.1035490483045578
0.0641089379787445
0.16253595054149628
0.01157105341553688
0.0802568644285202
0.20851902663707733
0.055687859654426575
0.15204855799674988
0.16484065353870392
0.03858194872736931
0.03807734325528145
0.08873384445905685
0.15636973083019257
0.2678956091403961
0.021273991093039513
0.0964851900935173
0.0924578458070755
0.12814730405807495
0.019504405558109283
0.05012235790491104
0.039098042994737625
0.01636694371700287
0.14090463519096375
0.20505116879940033
0.034816842526197433
0.048979002982378006
0.04824564605951309
0.10658490657806396
0.027761414647102356
0.011490778997540474
0.15027904510498047
0.04743583872914314
0.044458936899900436
0.09434893727302551
0.16247105598449707
0.011647834442555904
0.05745925381779671
0.013371027074754238
0.06071800738573074
0.18623243272304535
0.17539894580841064
0.049224965274333954
0.014773985370993614
0.05864512920379639
0.10459527373313904
0.061945732682943344
0.057016521692276
0.14461107552051544
0.11977595090866089
0.11392749100923538
0.013073494657874107
0.041116826236248016
0.23027904331684113
0.20351925492286682
0.02323099412024021
0.0844329223036766
0.06108960509300232
0.13940973579883575
0.011081291362643242
0.13620132207870483
0.058843761682510376
0.13379554450511932
0.06927947700023651
0.02402324229478836
0.036851655691862106
0.09311691671609879
0.047503504902124405
0.03485257178544998
0.10113701224327087
0.12175431847572327
0.10187240689992905
0.14454436302185059
0.08283164352178574
0.05009467899799347
0.026823289692401886
0.042176079005002975
0.08196928352117538
0.15752382576465607
0.04147881641983986
0.012727047316730022
0.05393575131893158
0.09077080339193344
0.08502461761236191
0.04393971711397171
0.10931181907653809
0.06067821383476257
0.009837394580245018
0.12902450561523438
0.00928950123488903
0.008322454988956451
0.005047122482210398
0.059220388531684875
0.03535345196723938
0.059334877878427505
0.1929766833782196
0.15358148515224457
0.11025229841470718
0.033805519342422485
0.10456331819295883
0.25883662700653076
0.05648087337613106
0.09408889710903168
0.1391451358795166
0.07319243252277374
0.019273655489087105
0.07867945730686188
0.09920987486839294
0.11429443955421448
0.038987357169389725
0.11860255897045135
0.07637694478034973
0.09159913659095764
0.04569680616259575
0.04748796671628952
0.22773607075214386
0.12799502909183502
0.11914443224668503
0.15222468972206116
0.012434188276529312
0.04418981447815895
0.13736112415790558
0.2492220252752304
0.04839274287223816
0.014460504055023193
0.03326404094696045
0.01036385539919138
0.025171050801873207
0.25424328446388245
0.06500358134508133
0.02476927451789379
0.04111591726541519
0.03036689944565296
0.05216553807258606
0.2028975635766983
0.12648610770702362
0.14851556718349457
0.08637672662734985
0.06779691576957703
0.05955127999186516
0.057609762996435165
0.05229359120130539
0.1097467765212059
0.12950582802295685
0.060144923627376556
0.02594752050936222
0.05702317878603935
0.25150763988494873
0.040645454078912735
0.014101596549153328
0.04859795421361923
0.1855069100856781
0.10296493768692017
0.043690137565135956
0.04393841698765755
0.06393393129110336
0.09332870692014694
0.05944717302918434
0.09109749644994736
0.08218837529420853
0.08259264379739761
0.05829881504178047
0.0994524210691452
0.13615553081035614
0.07790140062570572
0.13093464076519012
0.12249467521905899
0.01875493861734867
0.041853345930576324
0.0497601218521595
0.02280842699110508
0.0653238520026207
0.11217497289180756
0.0764894038438797
0.007546180859208107
0.034687235951423645
0.09168639779090881
0.0347130261361599
0.012932120822370052
0.09010296314954758
0.04926711693406105
0.03613627701997757
0.08825825154781342
0.003989347722381353
0.018081946298480034
0.002368031768128276
0.06376370787620544
0.021304164081811905
0.03477618098258972
0.2052035629749298
0.10383199155330658
0.06920832395553589
0.018741773441433907
0.0851469412446022
0.20403476059436798
0.15246668457984924
0.0766814798116684
0.10382439196109772
0.04881472513079643
0.051599279046058655
0.13254904747009277
0.05839115381240845
0.13143779337406158
0.03031160868704319
0.11832714825868607
0.0602329857647419
0.11236449331045151
0.008931195363402367
0.014801731333136559
0.06886769831180573
0.1520300656557083
0.08479279279708862
0.13399949669837952
0.026372574269771576
0.02519809827208519
0.02882961928844452
0.05553758889436722
0.08191711455583572
0.011893855407834053
0.064890056848526
0.019455039873719215
0.04048824682831764
0.16895106434822083
0.11863328516483307
0.01637990027666092
0.023084823042154312
0.037715110927820206
0.11445272713899612
0.23573645949363708
0.1003117486834526
0.04288696497678757
0.06313777714967728
0.0686175599694252
0.03920826315879822
0.04584638029336929
0.062155649065971375
0.11456351727247238
0.050673048943281174
0.1467716246843338
0.01381304208189249
0.02123892679810524
0.2856414318084717
0.06528706103563309
0.04855038970708847
0.04171157255768776
0.02929629571735859
0.051635343581438065
0.04110246151685715
0.059181347489356995
0.055432695895433426
0.09930910170078278
0.08614645898342133
0.03672035038471222
0.04428154230117798
0.20992498099803925
0.0347115583717823
0.13531193137168884
0.07061482965946198
0.07760612666606903
0.18290434777736664
0.1255866140127182
0.07571349292993546
0.04911331087350845
0.025084238499403
0.06344200670719147
0.044067297130823135
0.07130254805088043
0.005703408736735582
0.015213639475405216
0.0464237779378891
0.07234372198581696
0.06815434247255325
0.03484087437391281
0.03898559883236885
0.04452256113290787
0.028928201645612717
0.12531977891921997
0.005794383119791746
0.029095182195305824
0.005728112533688545
0.016245272010564804
0.022254319861531258
0.03377418592572212
0.11368940770626068
0.17510801553726196
0.1089855208992958
0.007451517041772604
0.04721057787537575
0.20639896392822266
0.1141061931848526
0.24556393921375275
0.09282931685447693
0.06515773385763168
0.035458534955978394
0.0643635168671608
0.06550320237874985
0.14509014785289764
0.018756136298179626
0.1470278799533844
0.16264113783836365
0.13716280460357666
0.011080067604780197
0.052670009434223175
0.2080637663602829
0.0962774008512497
0.09214931726455688
0.2138945758342743
0.04157533496618271
0.14066585898399353
0.2078510820865631
0.06405633687973022
0.031167058274149895
0.07968416810035706
0.022483138367533684
0.03909805417060852
0.03150678426027298
0.07860884815454483
0.10075213015079498
0.05280586704611778
0.020234568044543266
0.018899204209446907
0.034649044275283813
0.24877172708511353
0.10185227543115616
0.08782260864973068
0.030421894043684006
0.017329024150967598
0.05407599359750748
0.2177640199661255
0.06109072268009186
0.11448629200458527
0.1473405808210373
0.08089766651391983
0.017205731943249702
0.022783484309911728
0.14513221383094788
0.08179374784231186
0.028693154454231262
0.11042936146259308
0.13164952397346497
0.1984833925962448
0.054017700254917145
0.027355298399925232
0.04564287140965462
0.099228136241436
0.029687313362956047
0.13002365827560425
0.12013132125139236
0.09373977780342102
0.0472613126039505
0.049474962055683136
0.035968564450740814
0.06946148723363876
0.11006567627191544
0.06196561083197594
0.034529682248830795
0.021898601204156876
0.03228851780295372
0.030630461871623993
0.029273120686411858
0.14524473249912262
0.01751311682164669
0.015762900933623314
0.19306452572345734
0.05540570244193077
0.02059517614543438
0.049477241933345795
0.10903392732143402
0.07342595607042313
0.02809128724038601
0.11842848360538483
0.03354399651288986
0.01907179318368435
0.005123099312186241
0.030719973146915436
0.03097872994840145
0.06483355909585953
0.1015615239739418
0.09092066437005997
0.04920533671975136
0.0023410830181092024
0.03790559992194176
0.13663850724697113
0.0328349806368351
0.09838251769542694
0.0974511206150055
0.021141646429896355
0.014887059107422829
0.15348637104034424
0.0804879292845726
0.2022298127412796
0.028972256928682327
0.053115297108888626
0.07594786584377289
0.16616681218147278
0.06239030137658119
0.02417887933552265
0.16798405349254608
0.019475508481264114
0.09158645570278168
0.21997228264808655
0.02811741642653942
0.0356915183365345
0.1414753794670105
0.16408126056194305
0.11338677257299423
0.011119954288005829
0.17271354794502258
0.012629968114197254
0.017890378832817078
0.028553634881973267
0.06016932800412178
0.04033645987510681
0.03234595060348511
0.023488128557801247
0.02351004257798195
0.10237020254135132
0.02609541453421116
0.15674637258052826
0.058191895484924316
0.021573400124907494
0.0242460947483778
0.1317540407180786
0.13962285220623016
0.09433874487876892
0.05358702689409256
0.0882241427898407
0.0049165645614266396
0.03583862632513046
0.15246237814426422
0.18239688873291016
0.1051623746752739
0.061750710010528564
0.19588837027549744
0.1210004985332489
0.013574419543147087
0.08113247156143188
0.07484420388936996
0.19430755078792572
0.09421084821224213
0.036685772240161896
0.06536033004522324
0.07401295751333237
0.011933857575058937
0.046134646981954575
0.0694909542798996
0.0991370677947998
0.15046077966690063
0.16684332489967346
0.031167201697826385
0.04794921725988388
0.027208657935261726
0.05189932882785797
0.019130313768982887
0.22523994743824005
0.018033692613244057
0.018182897940278053
0.02996930480003357
0.10491614788770676
0.026886094361543655
0.010822117328643799
0.12645626068115234
0.10449571162462234
0.043019555509090424
0.039177484810352325
0.016075272113084793
0.006632160395383835
0.005966440308839083
0.06743467599153519
0.015245072543621063
0.014012680388987064
0.14259913563728333
0.1649199277162552
0.05564049258828163
0.005038208793848753
0.046571940183639526
0.17953899502754211
0.034661564975976944
0.18913297355175018
0.09490931034088135
0.038799721747636795
0.018874360248446465
0.17563216388225555
0.11537925153970718
0.20010529458522797
0.0160524882376194
0.08800256252288818
0.05518785119056702
0.10444910079240799
0.024496259167790413
0.01669701561331749
0.1545601636171341
0.06250367313623428
0.065303735435009
0.13308323919773102
0.03209416940808296
0.07478558272123337
0.14186252653598785
0.08374176919460297
0.09165646880865097
0.028558313846588135
0.05130203813314438
0.028163637965917587
0.027629081159830093
0.14828935265541077
0.1114015132188797
0.02008858323097229
0.03466683626174927
0.07727698236703873
0.025780459865927696
0.20294269919395447
0.08289557695388794
0.07623245567083359
0.040217820554971695
0.010775781236588955
0.0511721707880497
0.05982310697436333
0.07782880961894989
0.06556560844182968
0.10041669011116028
0.08466798067092896
0.0228757131844759
0.031837623566389084
0.06869103759527206
0.2053804248571396
0.021332070231437683
0.10362804681062698
0.11184857040643692
0.12258674949407578
0.015308915637433529
0.08905031532049179
0.03354769945144653
0.17374871671199799
0.03300641104578972
0.06923864036798477
0.07035907357931137
0.12679488956928253
0.035019487142562866
0.1094498336315155
0.07699054479598999
0.0452522374689579
0.11419405043125153
0.08904964476823807
0.06550178676843643
0.08410974591970444
0.038137100636959076
0.0723349004983902
0.03191814199090004
0.09843459725379944
0.00909915380179882
0.02069803886115551
0.0847037062048912
0.04910784587264061
0.004005106166005135
0.028143243864178658
0.047055914998054504
0.02737727016210556
0.01528942584991455
0.09678103774785995
0.010862215422093868
0.026014085859060287
0.0022444529458880424
0.019567454233765602
0.014567024074494839
0.055777061730623245
0.08476753532886505
0.03630490601062775
0.13676102459430695
0.0026166148018091917
0.05852698162198067
0.1536494642496109
0.0749891921877861
0.09632669389247894
0.12315360456705093
0.05625512823462486
0.02169126272201538
0.0807998776435852
0.06931604444980621
0.09609857201576233
0.06314556300640106
0.09276498109102249
0.16141745448112488
0.08282428234815598
0.06636035442352295
0.04060352221131325
0.10989046096801758
0.13435225188732147
0.05609779432415962
0.12026305496692657
0.11376899480819702
0.052958693355321884
0.05348430573940277
0.1430797576904297
0.056038644164800644
0.0098022585734725
0.11715543270111084
0.10324040800333023
0.047710906714200974
0.11637973040342331
0.1615387499332428
0.012697489000856876
0.03898141533136368
0.0635843351483345
0.058123648166656494
0.17425069212913513
0.14298377931118011
0.03495560213923454
0.02470548450946808
0.04549425467848778
0.07776077091693878
0.05647871270775795
0.09788447618484497
0.07035861909389496
0.017612647265195847
0.11245959252119064
0.010483251884579659
0.021303478628396988
0.3827041983604431
0.15206915140151978
0.03268396854400635
0.14994074404239655
0.18247278034687042
0.06093621253967285
0.029278960078954697
0.044308796525001526
0.05296797677874565
0.17179185152053833
0.06150195747613907
0.006358858197927475
0.07189137488603592
0.07386015355587006
0.03639451041817665
0.06337777525186539
0.10342571139335632
0.059396740049123764
0.07531148940324783
0.04904603585600853
0.044926922768354416
0.05514805018901825
0.02021913044154644
0.05769932642579079
0.10010937601327896
0.12010420858860016
0.022877162322402
0.020621079951524734
0.022079527378082275
0.08549796789884567
0.036100294440984726
0.006453253328800201
0.11571405827999115
0.08132472634315491
0.022553585469722748
0.23560567200183868
0.012272264808416367
0.007839584723114967
0.007704771123826504
0.06681413948535919
0.010203799232840538
0.05298852175474167
0.0615704171359539
0.092202328145504
0.047374505549669266
0.013297324068844318
0.11261222511529922
0.09677135944366455
0.07166397571563721
0.15898118913173676
0.11846551299095154
0.037919335067272186
0.03142394870519638
0.03493071347475052
0.09054674208164215
0.1529221087694168
0.014769338071346283
0.15863916277885437
0.03532726317644119
0.09437988698482513
0.011460904031991959
0.02295542322099209
0.18140561878681183
0.21055974066257477
0.08852673321962357
0.20239199697971344
0.016247905790805817
0.019405143335461617
0.19238168001174927
0.25095227360725403
0.11926662921905518
0.04015136510133743
0.16483214497566223
0.025020701810717583
0.014912043698132038
0.2021900713443756
0.18828748166561127
0.022286780178546906
0.021161522716283798
0.11366871744394302
0.046490978449583054
0.20551535487174988
0.1750974953174591
0.049513496458530426
0.019824281334877014
0.10489120334386826
0.051167018711566925
0.07920196652412415
0.108668252825737
0.1257881224155426
0.14116482436656952
0.24709077179431915
0.020542433485388756
0.03926084563136101
0.2883922755718231
0.0761369913816452
0.007607987150549889
0.0661952942609787
0.03447633981704712
0.05745110660791397
0.013759373687207699
0.036571428179740906
0.09391523152589798
0.1171843409538269
0.08319362998008728
0.0328817293047905
0.0433344766497612
0.16725985705852509
0.08655484020709991
0.10500425100326538
0.08248315751552582
0.0888640284538269
0.1263306438922882
0.0844014436006546
0.07640399038791656
0.022447092458605766
0.15081894397735596
0.03839470073580742
0.07149546593427658
0.1307583749294281
0.01963912695646286
0.012791327200829983
0.17661549150943756
0.12920168042182922
0.04065527021884918
0.02689065970480442
0.19645792245864868
0.060234054923057556
0.010960289277136326
0.2068457156419754
0.01035497710108757
0.005394027102738619
0.004786881152540445
2.3083503246307373
1.7102835178375244
1.4110794067382812
0.8003134727478027
0.7721623778343201
0.5795553922653198
0.3340855538845062
0.4332432746887207
0.5981497764587402
0.34809696674346924
0.3593250513076782
0.34041982889175415
0.3291432857513428
0.19081512093544006
0.2876102328300476
0.3881247937679291
0.6688647866249084
0.23881159722805023
0.6160315275192261
0.26134586334228516
0.20587898790836334
0.2657944858074188
0.2445676475763321
0.5949761867523193
0.22073662281036377
0.488643079996109
0.3919725716114044
0.09155406057834625
0.23221834003925323
0.44252458214759827
0.3195800483226776
0.08980702608823776
0.16783490777015686
0.19101835787296295
0.04603002220392227
0.15225595235824585
0.23190797865390778
0.14550311863422394
0.10092110186815262
0.15948623418807983
0.123440220952034
0.124992236495018
0.3692197799682617
0.26912057399749756
0.2830263376235962
0.21600493788719177
0.10910899937152863
0.14774033427238464
0.15607231855392456
0.1717650294303894
0.208536759018898
0.25001341104507446
0.39794784784317017
0.047150619328022
0.24968992173671722
0.49050217866897583
0.2662375569343567
0.09126117825508118
0.1626202017068863
0.17845647037029266
0.06799591332674026
0.04539056494832039
0.10169045627117157
0.208208829164505
0.22418524324893951
0.12587705254554749
0.031022334471344948
0.13480032980442047
0.12695185840129852
0.14897631108760834
0.2205123007297516
0.4102728068828583
0.18698853254318237
0.21196910738945007
0.24961821734905243
0.18583287298679352
0.12623806297779083
0.04411377012729645
0.09148956090211868
0.09638558328151703
0.16824942827224731
0.1326042264699936
0.04140991345047951
0.2585263252258301
0.1188688650727272
0.06378326565027237
0.06109617277979851
0.11002466827630997
0.0792580172419548
0.054810214787721634
0.19674618542194366
0.1506979763507843
0.0837072879076004
0.0092652328312397
0.16628581285476685
0.07603725045919418
0.11685976386070251
0.2190927416086197
0.22949808835983276
0.04273296147584915
0.017294934019446373
0.1117342934012413
0.16772069036960602
0.1623924970626831
0.17033976316452026
0.126142218708992
0.1549248993396759
0.12226083129644394
0.1079302430152893
0.1121649444103241
0.15741579234600067
0.0806414783000946
0.20268109440803528
0.24565304815769196
0.07512448728084564
0.06553921848535538
0.07070353627204895
0.24738936126232147
0.12539537250995636
0.17193308472633362
0.13700398802757263
0.0819416344165802
0.14049078524112701
0.1330549120903015
0.2553917169570923
0.08233296871185303
0.034822121262550354
0.07156796008348465
0.029419677332043648
0.04521068558096886
0.2093111276626587
0.3745209276676178
0.0738130435347557
0.007764656562358141
0.08415741473436356
0.05835456773638725
0.16038823127746582
0.18820659816265106
0.11454139649868011
0.2128996104001999
0.05542880296707153
0.16733217239379883
0.09315424412488937
0.14465470612049103
0.23710612952709198
0.10222374647855759
0.19870595633983612
0.022845637053251266
0.07421807944774628
0.19915488362312317
0.2767122685909271
0.12189693748950958
0.1972399801015854
0.10064508765935898
0.1336524784564972
0.017626438289880753
0.07327798753976822
0.1744980812072754
0.10152247548103333
0.05515675991773605
0.08269596844911575
0.12240111082792282
0.08769360184669495
0.07281605899333954
0.15439216792583466
0.3466933071613312
0.23446950316429138
0.16446314752101898
0.15321314334869385
0.2132541835308075
0.0364341139793396
0.06289054453372955
0.10096301138401031
0.13539806008338928
0.2735072672367096
0.03230626881122589
0.02566148154437542
0.0491948276758194
0.11989710479974747
0.0434601865708828
0.030607879161834717
0.15598395466804504
0.06311072409152985
0.10967575013637543
0.1590276062488556
0.04357411712408066
0.03567799925804138
0.04514754191040993
0.0682305321097374
0.054352447390556335
0.056352898478507996
0.19760005176067352
0.06522531807422638
0.05123850703239441
0.012288067489862442
0.06987112760543823
0.21280688047409058
0.060857560485601425
0.10434861481189728
0.14585262537002563
0.04694603756070137
0.04985317215323448
0.12923792004585266
0.09945590049028397
0.22708766162395477
0.023635055869817734
0.2994903326034546
0.14658144116401672
0.06876547634601593
0.04993352293968201
0.017942208796739578
0.33924680948257446
0.039059460163116455
0.1950569599866867
0.11482618004083633
0.08434143662452698
0.06053674593567848
0.2514888644218445
0.1408815085887909
0.18165327608585358
0.019279710948467255
0.15824544429779053
0.05129188299179077
0.08844416588544846
0.11431445181369781
0.2755188047885895
0.04394393786787987
0.029966868460178375
0.014551716856658459
0.04733070731163025
0.18912699818611145
0.1534389853477478
0.06686075776815414
0.11714152991771698
0.014966633170843124
0.04779607802629471
0.06010172888636589
0.07254841178655624
0.23328213393688202
0.08802836388349533
0.08889971673488617
0.02457846701145172
0.0546475388109684
0.10684625804424286
0.19720885157585144
0.03577214851975441
0.09399934858083725
0.10276792198419571
0.17275618016719818
0.026251014322042465
0.029713904485106468
0.14243611693382263
0.07628550380468369
0.055903270840644836
0.029041334986686707
0.12424127757549286
0.1128363087773323
0.10601402074098587
0.1726839244365692
0.22315172851085663
0.1159084290266037
0.10632460564374924
0.09329777210950851
0.03639085963368416
0.13122282922267914
0.09643625468015671
0.025453956797719002
0.03284744173288345
0.3057059645652771
0.028083760291337967
0.028209762647747993
0.050977181643247604
0.06168822571635246
0.10608862340450287
0.08139891922473907
0.20326028764247894
0.06544831395149231
0.05480145290493965
0.1866409331560135
0.11283966153860092
0.09380067139863968
0.016161493957042694
0.06056733801960945
0.029797324910759926
0.08520238101482391
0.18497951328754425
0.062467917799949646
0.04108215495944023
0.01489993091672659
0.11838763952255249
0.16779354214668274
0.10551559925079346
0.16934381425380707
0.1229218989610672
0.028433939442038536
0.043635524809360504
0.19966909289360046
0.1623961329460144
0.16751496493816376
0.037017907947301865
0.17957542836666107
0.15481221675872803
0.07065838575363159
0.041182976216077805
0.12404865026473999
0.11328218132257462
0.04204520583152771
0.09427636116743088
0.1514817178249359
0.060120370239019394
0.05981405824422836
0.0690537616610527
0.11980219185352325
0.15731103718280792
0.016003040596842766
0.185944601893425
0.03532356768846512
0.0451008602976799
0.21730199456214905
0.1171048954129219
0.041390419006347656
0.02555822767317295
0.0221109502017498
0.036459073424339294
0.12514032423496246
0.1513582319021225
0.15540853142738342
0.01280276756733656
0.023549295961856842
0.11384091526269913
0.030538106337189674
0.08256525546312332
0.11830370873212814
0.08922260254621506
0.08753211051225662
0.008256154134869576
0.03012453392148018
0.19223135709762573
0.12644033133983612
0.046462465077638626
0.09522964060306549
0.22500663995742798
0.06826262921094894
0.04811367392539978
0.0891992449760437
0.06737179309129715
0.009431781247258186
0.10129032284021378
0.07881920784711838
0.1102762222290039
0.18906161189079285
0.02000753954052925
0.04225582629442215
0.18015152215957642
0.13525427877902985
0.12753359973430634
0.1076354831457138
0.09052373468875885
0.040922895073890686
0.014560399577021599
0.08546561002731323
0.11424706876277924
0.1871853917837143
0.023850563913583755
0.003932090941816568
0.1583339124917984
0.12096026539802551
0.041151318699121475
0.03689723461866379
0.14392788708209991
0.06818519532680511
0.031036900356411934
0.07575786113739014
0.022261036559939384
0.07913295924663544
0.01196248922497034
0.08287831395864487
0.03305816650390625
0.08849477767944336
0.09989555180072784
0.14560671150684357
0.14164309203624725
0.03343420848250389
0.20894935727119446
0.11207005381584167
0.035635460168123245
0.1875898838043213
0.09703277796506882
0.10268307477235794
0.039593975991010666
0.1947932094335556
0.09041634947061539
0.19320517778396606
0.01243909914046526
0.1473584771156311
0.09673859924077988
0.08773405104875565
0.10657597333192825
0.07031220197677612
0.14900632202625275
0.056044843047857285
0.08024903386831284
0.10650195181369781
0.13363604247570038
0.09280026704072952
0.09133944660425186
0.15325401723384857
0.09461697936058044
0.00963070522993803
0.07775010168552399
0.052872586995363235
0.046647489070892334
0.12365658581256866
0.18797168135643005
0.02322240360081196
0.061799947172403336
0.029469041153788567
0.05841149017214775
0.2550502419471741
0.18186403810977936
0.12285347282886505
0.04344058409333229
0.1601894199848175
0.04347923770546913
0.0794728696346283
0.028202839195728302
0.18366800248622894
0.07709953933954239
0.11292126774787903
0.027421699836850166
0.034727852791547775
0.25026828050613403
0.12704741954803467
0.010263115167617798
0.11288232356309891
0.08336317539215088
0.07454746216535568
0.022562680765986443
0.0835077241063118
0.05812176316976547
0.10978594422340393
0.12022151798009872
0.026406148448586464
0.02931976318359375
0.1476631462574005
0.05463000386953354
0.06593839824199677
0.12185138463973999
0.058329395949840546
0.23379965126514435
0.09597986191511154
0.07637051492929459
0.02783956564962864
0.008327820338308811
0.08397924154996872
0.05636804178357124
0.20730721950531006
0.017391106113791466
0.04238360747694969
0.2161916047334671
0.11157037317752838
0.05007834732532501
0.02976878732442856
0.11594878137111664
0.03123854659497738
0.035786282271146774
0.11981422454118729
0.00929733831435442
0.013554888777434826
0.01641739159822464
0.07775052636861801
0.030903281643986702
0.053622543811798096
0.14943212270736694
0.08164738118648529
0.12214677035808563
0.04608087241649628
0.04708971083164215
0.16670916974544525
0.07622294872999191
0.17866253852844238
0.07027420401573181
0.07240471988916397
0.03340951353311539
0.16823932528495789
0.10972287505865097
0.1576641947031021
0.045437008142471313
0.14234218001365662
0.055153097957372665
0.0419200137257576
0.07792627811431885
0.12433106452226639
0.18993131816387177
0.057391054928302765
0.0976782888174057
0.10462287813425064
0.00913225021213293
0.09888871014118195
0.053540922701358795
0.13101717829704285
0.11314757913351059
0.01567443087697029
0.050545111298561096
0.09528852999210358
0.058521922677755356
0.14918692409992218
0.08678676933050156
0.017385851591825485
0.057649027556180954
0.015132864005863667
0.041947945952415466
0.19176197052001953
0.12250180542469025
0.03800179809331894
0.038817454129457474
0.09434321522712708
0.0649983361363411
0.07409162819385529
0.06331168860197067
0.08019358664751053
0.059796519577503204
0.07500121742486954
0.00655471021309495
0.038757629692554474
0.2593420445919037
0.18567290902137756
0.013926480896770954
0.05328350141644478
0.1569875180721283
0.07799887657165527
0.037649814039468765
0.030606025829911232
0.05717403069138527
0.16129107773303986
0.06735405325889587
0.04296236112713814
0.04678059369325638
0.16118672490119934
0.058139387518167496
0.04834727197885513
0.12216030061244965
0.07427051663398743
0.11110839247703552
0.06860620528459549
0.08261656761169434
0.07349652051925659
0.0881616547703743
0.034280892461538315
0.03131229430437088
0.10079743713140488
0.022360099479556084
0.04606487601995468
0.12319234013557434
0.09845137596130371
0.01829751767218113
0.036269474774599075
0.06701993942260742
0.03957429155707359
0.036129578948020935
0.1691502183675766
0.020483799278736115
0.02689524181187153
0.02153943106532097
0.08652805536985397
0.015479285269975662
0.05774449557065964
0.1035490483045578
0.0641089379787445
0.16253595054149628
0.01157105341553688
0.0802568644285202
0.20851902663707733
0.055687859654426575
0.15204855799674988
0.16484065353870392
0.03858194872736931
0.03807734325528145
0.08873384445905685
0.15636973083019257
0.2678956091403961
0.021273991093039513
0.0964851900935173
0.0924578458070755
0.12814730405807495
0.019504405558109283
0.05012235790491104
0.039098042994737625
0.01636694371700287
0.14090463519096375
0.20505116879940033
0.034816842526197433
0.048979002982378006
0.04824564605951309
0.10658490657806396
0.027761414647102356
0.011490778997540474
0.15027904510498047
0.04743583872914314
0.044458936899900436
0.09434893727302551
0.16247105598449707
0.011647834442555904
0.05745925381779671
0.013371027074754238
0.06071800738573074
0.18623243272304535
0.17539894580841064
0.049224965274333954
0.014773985370993614
0.05864512920379639
0.10459527373313904
0.061945732682943344
0.057016521692276
0.14461107552051544
0.11977595090866089
0.11392749100923538
0.013073494657874107
0.041116826236248016
0.23027904331684113
0.20351925492286682
0.02323099412024021
0.0844329223036766
0.06108960509300232
0.13940973579883575
0.011081291362643242
0.13620132207870483
0.058843761682510376
0.13379554450511932
0.06927947700023651
0.02402324229478836
0.036851655691862106
0.09311691671609879
0.047503504902124405
0.03485257178544998
0.10113701224327087
0.12175431847572327
0.10187240689992905
0.14454436302185059
0.08283164352178574
0.05009467899799347
0.026823289692401886
0.042176079005002975
0.08196928352117538
0.15752382576465607
0.04147881641983986
0.012727047316730022
0.05393575131893158
0.09077080339193344
0.08502461761236191
0.04393971711397171
0.10931181907653809
0.06067821383476257
0.009837394580245018
0.12902450561523438
0.00928950123488903
0.008322454988956451
0.005047122482210398
0.059220388531684875
0.03535345196723938
0.059334877878427505
0.1929766833782196
0.15358148515224457
0.11025229841470718
0.033805519342422485
0.10456331819295883
0.25883662700653076
0.05648087337613106
0.09408889710903168
0.1391451358795166
0.07319243252277374
0.019273655489087105
0.07867945730686188
0.09920987486839294
0.11429443955421448
0.038987357169389725
0.11860255897045135
0.07637694478034973
0.09159913659095764
0.04569680616259575
0.04748796671628952
0.22773607075214386
0.12799502909183502
0.11914443224668503
0.15222468972206116
0.012434188276529312
0.04418981447815895
0.13736112415790558
0.2492220252752304
0.04839274287223816
0.014460504055023193
0.03326404094696045
0.01036385539919138
0.025171050801873207
0.25424328446388245
0.06500358134508133
0.02476927451789379
0.04111591726541519
0.03036689944565296
0.05216553807258606
0.2028975635766983
0.12648610770702362
0.14851556718349457
0.08637672662734985
0.06779691576957703
0.05955127999186516
0.057609762996435165
0.05229359120130539
0.1097467765212059
0.12950582802295685
0.060144923627376556
0.02594752050936222
0.05702317878603935
0.25150763988494873
0.040645454078912735
0.014101596549153328
0.04859795421361923
0.1855069100856781
0.10296493768692017
0.043690137565135956
0.04393841698765755
0.06393393129110336
0.09332870692014694
0.05944717302918434
0.09109749644994736
0.08218837529420853
0.08259264379739761
0.05829881504178047
0.0994524210691452
0.13615553081035614
0.07790140062570572
0.13093464076519012
0.12249467521905899
0.01875493861734867
0.041853345930576324
0.0497601218521595
0.02280842699110508
0.0653238520026207
0.11217497289180756
0.0764894038438797
0.007546180859208107
0.034687235951423645
0.09168639779090881
0.0347130261361599
0.012932120822370052
0.09010296314954758
0.04926711693406105
0.03613627701997757
0.08825825154781342
0.003989347722381353
0.018081946298480034
0.002368031768128276
0.06376370787620544
0.021304164081811905
0.03477618098258972
0.2052035629749298
0.10383199155330658
0.06920832395553589
0.018741773441433907
0.0851469412446022
0.20403476059436798
0.15246668457984924
0.0766814798116684
0.10382439196109772
0.04881472513079643
0.051599279046058655
0.13254904747009277
0.05839115381240845
0.13143779337406158
0.03031160868704319
0.11832714825868607
0.0602329857647419
0.11236449331045151
0.008931195363402367
0.014801731333136559
0.06886769831180573
0.1520300656557083
0.08479279279708862
0.13399949669837952
0.026372574269771576
0.02519809827208519
0.02882961928844452
0.05553758889436722
0.08191711455583572
0.011893855407834053
0.064890056848526
0.019455039873719215
0.04048824682831764
0.16895106434822083
0.11863328516483307
0.01637990027666092
0.023084823042154312
0.037715110927820206
0.11445272713899612
0.23573645949363708
0.1003117486834526
0.04288696497678757
0.06313777714967728
0.0686175599694252
0.03920826315879822
0.04584638029336929
0.062155649065971375
0.11456351727247238
0.050673048943281174
0.1467716246843338
0.01381304208189249
0.02123892679810524
0.2856414318084717
0.06528706103563309
0.04855038970708847
0.04171157255768776
0.02929629571735859
0.051635343581438065
0.04110246151685715
0.059181347489356995
0.055432695895433426
0.09930910170078278
0.08614645898342133
0.03672035038471222
0.04428154230117798
0.20992498099803925
0.0347115583717823
0.13531193137168884
0.07061482965946198
0.07760612666606903
0.18290434777736664
0.1255866140127182
0.07571349292993546
0.04911331087350845
0.025084238499403
0.06344200670719147
0.044067297130823135
0.07130254805088043
0.005703408736735582
0.015213639475405216
0.0464237779378891
0.07234372198581696
0.06815434247255325
0.03484087437391281
0.03898559883236885
0.04452256113290787
0.028928201645612717
0.12531977891921997
0.005794383119791746
0.029095182195305824
0.005728112533688545
0.016245272010564804
0.022254319861531258
0.03377418592572212
0.11368940770626068
0.17510801553726196
0.1089855208992958
0.007451517041772604
0.04721057787537575
0.20639896392822266
0.1141061931848526
0.24556393921375275
0.09282931685447693
0.06515773385763168
0.035458534955978394
0.0643635168671608
0.06550320237874985
0.14509014785289764
0.018756136298179626
0.1470278799533844
0.16264113783836365
0.13716280460357666
0.011080067604780197
0.052670009434223175
0.2080637663602829
0.0962774008512497
0.09214931726455688
0.2138945758342743
0.04157533496618271
0.14066585898399353
0.2078510820865631
0.06405633687973022
0.031167058274149895
0.07968416810035706
0.022483138367533684
0.03909805417060852
0.03150678426027298
0.07860884815454483
0.10075213015079498
0.05280586704611778
0.020234568044543266
0.018899204209446907
0.034649044275283813
0.24877172708511353
0.10185227543115616
0.08782260864973068
0.030421894043684006
0.017329024150967598
0.05407599359750748
0.2177640199661255
0.06109072268009186
0.11448629200458527
0.1473405808210373
0.08089766651391983
0.017205731943249702
0.022783484309911728
0.14513221383094788
0.08179374784231186
0.028693154454231262
0.11042936146259308
0.13164952397346497
0.1984833925962448
0.054017700254917145
0.027355298399925232
0.04564287140965462
0.099228136241436
0.029687313362956047
0.13002365827560425
0.12013132125139236
0.09373977780342102
0.0472613126039505
0.049474962055683136
0.035968564450740814
0.06946148723363876
0.11006567627191544
0.06196561083197594
0.034529682248830795
0.021898601204156876
0.03228851780295372
0.030630461871623993
0.029273120686411858
0.14524473249912262
0.01751311682164669
0.015762900933623314
0.19306452572345734
0.05540570244193077
0.02059517614543438
0.049477241933345795
0.10903392732143402
0.07342595607042313
0.02809128724038601
0.11842848360538483
0.03354399651288986
0.01907179318368435
0.005123099312186241
0.030719973146915436
0.03097872994840145
0.06483355909585953
0.1015615239739418
0.09092066437005997
0.04920533671975136
0.0023410830181092024
0.03790559992194176
0.13663850724697113
0.0328349806368351
0.09838251769542694
0.0974511206150055
0.021141646429896355
0.014887059107422829
0.15348637104034424
0.0804879292845726
0.2022298127412796
0.028972256928682327
0.053115297108888626
0.07594786584377289
0.16616681218147278
0.06239030137658119
0.02417887933552265
0.16798405349254608
0.019475508481264114
0.09158645570278168
0.21997228264808655
0.02811741642653942
0.0356915183365345
0.1414753794670105
0.16408126056194305
0.11338677257299423
0.011119954288005829
0.17271354794502258
0.012629968114197254
0.017890378832817078
0.028553634881973267
0.06016932800412178
0.04033645987510681
0.03234595060348511
0.023488128557801247
0.02351004257798195
0.10237020254135132
0.02609541453421116
0.15674637258052826
0.058191895484924316
0.021573400124907494
0.0242460947483778
0.1317540407180786
0.13962285220623016
0.09433874487876892
0.05358702689409256
0.0882241427898407
0.0049165645614266396
0.03583862632513046
0.15246237814426422
0.18239688873291016
0.1051623746752739
0.061750710010528564
0.19588837027549744
0.1210004985332489
0.013574419543147087
0.08113247156143188
0.07484420388936996
0.19430755078792572
0.09421084821224213
0.036685772240161896
0.06536033004522324
0.07401295751333237
0.011933857575058937
0.046134646981954575
0.0694909542798996
0.0991370677947998
0.15046077966690063
0.16684332489967346
0.031167201697826385
0.04794921725988388
0.027208657935261726
0.05189932882785797
0.019130313768982887
0.22523994743824005
0.018033692613244057
0.018182897940278053
0.02996930480003357
0.10491614788770676
0.026886094361543655
0.010822117328643799
0.12645626068115234
0.10449571162462234
0.043019555509090424
0.039177484810352325
0.016075272113084793
0.006632160395383835
0.005966440308839083
0.06743467599153519
0.015245072543621063
0.014012680388987064
0.14259913563728333
0.1649199277162552
0.05564049258828163
0.005038208793848753
0.046571940183639526
0.17953899502754211
0.034661564975976944
0.18913297355175018
0.09490931034088135
0.038799721747636795
0.018874360248446465
0.17563216388225555
0.11537925153970718
0.20010529458522797
0.0160524882376194
0.08800256252288818
0.05518785119056702
0.10444910079240799
0.024496259167790413
0.01669701561331749
0.1545601636171341
0.06250367313623428
0.065303735435009
0.13308323919773102
0.03209416940808296
0.07478558272123337
0.14186252653598785
0.08374176919460297
0.09165646880865097
0.028558313846588135
0.05130203813314438
0.028163637965917587
0.027629081159830093
0.14828935265541077
0.1114015132188797
0.02008858323097229
0.03466683626174927
0.07727698236703873
0.025780459865927696
0.20294269919395447
0.08289557695388794
0.07623245567083359
0.040217820554971695
0.010775781236588955
0.0511721707880497
0.05982310697436333
0.07782880961894989
0.06556560844182968
0.10041669011116028
0.08466798067092896
0.0228757131844759
0.031837623566389084
0.06869103759527206
0.2053804248571396
0.021332070231437683
0.10362804681062698
0.11184857040643692
0.12258674949407578
0.015308915637433529
0.08905031532049179
0.03354769945144653
0.17374871671199799
0.03300641104578972
0.06923864036798477
0.07035907357931137
0.12679488956928253
0.035019487142562866
0.1094498336315155
0.07699054479598999
0.0452522374689579
0.11419405043125153
0.08904964476823807
0.06550178676843643
0.08410974591970444
0.038137100636959076
0.0723349004983902
0.03191814199090004
0.09843459725379944
0.00909915380179882
0.02069803886115551
0.0847037062048912
0.04910784587264061
0.004005106166005135
0.028143243864178658
0.047055914998054504
0.02737727016210556
0.01528942584991455
0.09678103774785995
0.010862215422093868
0.026014085859060287
0.0022444529458880424
0.019567454233765602
0.014567024074494839
0.055777061730623245
0.08476753532886505
0.03630490601062775
0.13676102459430695
0.0026166148018091917
0.05852698162198067
0.1536494642496109
0.0749891921877861
0.09632669389247894
0.12315360456705093
0.05625512823462486
0.02169126272201538
0.0807998776435852
0.06931604444980621
0.09609857201576233
0.06314556300640106
0.09276498109102249
0.16141745448112488
0.08282428234815598
0.06636035442352295
0.04060352221131325
0.10989046096801758
0.13435225188732147
0.05609779432415962
0.12026305496692657
0.11376899480819702
0.052958693355321884
0.05348430573940277
0.1430797576904297
0.056038644164800644
0.0098022585734725
0.11715543270111084
0.10324040800333023
0.047710906714200974
0.11637973040342331
0.1615387499332428
0.012697489000856876
0.03898141533136368
0.0635843351483345
0.058123648166656494
0.17425069212913513
0.14298377931118011
0.03495560213923454
0.02470548450946808
0.04549425467848778
0.07776077091693878
0.05647871270775795
0.09788447618484497
0.07035861909389496
0.017612647265195847
0.11245959252119064
0.010483251884579659
0.021303478628396988
0.3827041983604431
0.15206915140151978
0.03268396854400635
0.14994074404239655
0.18247278034687042
0.06093621253967285
0.029278960078954697
0.044308796525001526
0.05296797677874565
0.17179185152053833
0.06150195747613907
0.006358858197927475
0.07189137488603592
0.07386015355587006
0.03639451041817665
0.06337777525186539
0.10342571139335632
0.059396740049123764
0.07531148940324783
0.04904603585600853
0.044926922768354416
0.05514805018901825
0.02021913044154644
0.05769932642579079
0.10010937601327896
0.12010420858860016
0.022877162322402
0.020621079951524734
0.022079527378082275
0.08549796789884567
0.036100294440984726
0.006453253328800201
0.11571405827999115
0.08132472634315491
0.022553585469722748
0.23560567200183868
0.012272264808416367
0.007839584723114967
0.007704771123826504
0.06681413948535919
0.010203799232840538
0.05298852175474167
0.0615704171359539
0.092202328145504
0.047374505549669266
0.013297324068844318
0.11261222511529922
0.09677135944366455
0.07166397571563721
0.15898118913173676
0.11846551299095154
0.037919335067272186
0.03142394870519638
0.03493071347475052
0.09054674208164215
0.1529221087694168
0.014769338071346283
0.15863916277885437
0.03532726317644119
0.09437988698482513
0.011460904031991959
0.02295542322099209
0.18140561878681183
0.21055974066257477
0.08852673321962357
0.20239199697971344
0.016247905790805817
0.019405143335461617
0.19238168001174927
0.25095227360725403
0.11926662921905518
0.04015136510133743
0.16483214497566223
0.025020701810717583
0.014912043698132038
0.2021900713443756
0.18828748166561127
0.022286780178546906
0.021161522716283798
0.11366871744394302
0.046490978449583054
0.20551535487174988
0.1750974953174591
0.049513496458530426
0.019824281334877014
0.10489120334386826
0.051167018711566925
0.07920196652412415
0.108668252825737
0.1257881224155426
0.14116482436656952
0.24709077179431915
0.020542433485388756
0.03926084563136101
0.2883922755718231
0.0761369913816452
0.007607987150549889
0.0661952942609787
0.03447633981704712
0.05745110660791397
0.013759373687207699
0.036571428179740906
0.09391523152589798
0.1171843409538269
0.08319362998008728
0.0328817293047905
0.0433344766497612
0.16725985705852509
0.08655484020709991
0.10500425100326538
0.08248315751552582
0.0888640284538269
0.1263306438922882
0.0844014436006546
0.07640399038791656
0.022447092458605766
0.15081894397735596
0.03839470073580742
0.07149546593427658
0.1307583749294281
0.01963912695646286
0.012791327200829983
0.17661549150943756
0.12920168042182922
0.04065527021884918
0.02689065970480442
0.19645792245864868
0.060234054923057556
0.010960289277136326
0.2068457156419754
0.01035497710108757
0.005394027102738619
0.004786881152540445
